avg: 3.39294717114e-06
std: 2.73964799159e-06