avg:4.53700105091
std:2.35404893976