avg:26.1816608296
std:6.53649728269