avg:5.13679327141e-05
std:4.47043224742e-05