avg:25.3073704858
std:8.0471968662