avg: 0.293861555772
std: 0.120174245326