avg:17.4493662501
std:11.4516898563