avg:52.2245277296
std:16.8587000282