avg: 2.83437504408
std: 1.69957053385