avg:109.91142881
std:84.7232533698