avg: 0.198075318216
std: 0.20284820146