avg:6.17576463239
std:6.68908524488