avg:65.2905320384
std:19.1714771249