avg:57.8393759503
std:17.8535137104