avg: 0.289587215306
std: 0.112580593238