avg:17.4570017804
std:11.4631779393