avg: 2.78933262289
std: 1.73095808435