avg:81.1925409669
std:61.7406939542