avg: 0.300053390219
std: 0.115857785352