avg:17.461960387
std:11.4568810647