avg:13.5249265652
std:7.60807556412