avg:53.9170407015
std:18.7861442439