avg:12.3074245582
std:10.9197376577