avg1:2.65852297441e-12 std1:1.55530808676e-12
avg2:2.47487500579e-12 std2:1.55506220768e-12