avg: 1.02842088976
std: 0.374024298472