avg: 0.286321932379
std: 0.15243506465