avg:4.97604092229
std:5.00479419973