avg:20.6846980302
std:10.7433354454