avg: 1.62693864893
std: 0.535955535189