avg:94.1630782981
std:47.8775059743