avg:0.0864664904338
std:0.0190690280752