avg: 0.347878698783
std: 0.14074156816