avg:17.4409943951
std:11.4677340644