avg: 0.326043833677
std: 0.121262188615