avg:17.4604789207
std:11.4479987366