avg:14.6629216783
std:8.49118899747