avg:66.0202310985
std:20.3517250648