avg:1.22994537337e-07
std:1.20269156237e-07