avg:67.5216663918
std:15.7517979929