avg:29.8151119817
std:7.6161867395