avg: 0.486660985815
std: 0.168837626304