avg:27.8551274604
std:16.8240428634