avg:53.6305977611
std:18.4107060455