avg: 0.306597643615
std: 0.111391811577