avg:17.4622929646
std:11.437091313