avg: 17.3039419264
std: 5.41137136291