avg:3072.01153419
std:5549.49898927