avg:5.89236158072
std:2.36336862702