avg:37.1577779953
std:13.0327563041