avg: 0.0538681827475
std: 0.0309855769521