avg:8.56694374811e-05
std:7.71253031619e-05