avg1:2.18103453832 std1:1.85434998509
avg2:2.25989581843 std2:1.9670535813