avg1:67.3866712675 std1:65.7927110214
avg2:62.4704709814 std2:69.2527991851