avg:0.0410075365711
std:0.0349946302093