avg:23.9601176193
std:7.91790506923