avg:0.147429467534
std:0.150978507934