avg:94.2405284091
std:37.1919188768