avg: 0.00905968293257
std: 0.00560033150656