avg:8.43095573811e-05
std:7.46926122457e-05