avg:5.00701167108e-05
std:1.95290550827e-05