avg:94.7590513486
std:33.3466873393