avg: 3.62410886936
std: 2.14011196989