avg:40.27157284
std:27.3435519715