avg1:1.02709196458 std1:0.943641946654
avg2:1.0332127413 std2:0.951811302864