avg1:6.32870086883 std1:9.79780830958
avg2:4.60615623589 std2:6.58373120106