avg: 0.0796326601439
std: 0.0353561268966