avg:8.63887147624e-05
std:7.78422096096e-05