avg: 0.0161649177301
std: 0.00722230027283