avg:8.53883345122e-05
std:7.78534092672e-05