avg: 0.750388545104
std: 0.305925669447