avg: 0.130624446585
std: 0.0751799648916