avg: 0.105598651904
std: 0.0744328715815