avg:4.48577483519
std:3.47210845168