avg:6.96570146277
std:4.29754525693