avg: 0.294346049334
std: 0.111000832581