avg:17.4617939022
std:11.4659859762