avg:47.7584915523
std:18.0774350401