avg: 0.020039132558
std: 0.0107044057889