avg:8.57297262041e-05
std:7.55838500402e-05