avg: 0.0594822664598
std: 0.0232183822467