avg: 0.0124018282702
std: 0.00784508237042