avg:0.821711603032
std:0.500862905804