avg:3.77669639522
std:2.40835719637