avg: 0.305566177155
std: 0.12041879601