avg:17.4591376865
std:11.4539952702