avg: 0.0549269017453
std: 0.0272741952442