avg:8.86948353825e-05
std:7.57309911127e-05