avg1:2.53668592734 std1:1.56744487833
avg2:2.56634869924 std2:1.57289297556