avg: 8.57585437868
std: 4.93207598279