avg: 0.0341776547298
std: 0.0177227727179