avg:8.61643652523e-05
std:6.9413457245e-05