avg1:0.1147078051 std1:0.0971034925473
avg2:0.114663624937 std2:0.0970482797396