avg1:4.77354103133 std1:3.81822302362
avg2:4.69526941615 std2:3.94821714968