avg: 13.8792720058
std: 8.43371436568