avg1:197.846699656 std1:246.197079648
avg2:106.720362195 std2:86.0136721187