avg:100.887389034
std:36.2712370358