avg:100.391679073
std:36.2554797002