avg:50.4761783564
std:18.2450744767