avg1:1.93982854836 std1:1.5522045783
avg2:1.90046173366 std2:1.43918632427