avg: 2.50517299069
std: 2.74552620502