avg: 0.297410845978
std: 0.115010574116