avg:17.4591086586
std:11.456646941