avg: 0.295200849113
std: 0.117961569228