avg:17.458344362
std:11.463774834