avg: 0.251902604624
std: 0.0956514083445