avg:17.1378563249
std:11.6455965674