avg:69.1181910307
std:20.0822895488