avg: 1.40930322984
std: 0.952115419232