avg:74.1369170299
std:49.4538659562