avg: 0.0260956603112
std: 0.0157614826694