avg:8.88919067272e-05
std:7.61863954178e-05