avg:78.4745720869
std:19.5209781467