avg:0.122261944368
std:0.0341636770595