avg:55.5433435443
std:15.008444273