avg: 0.360925470195
std: 0.173278192231