avg:23.219154032
std:16.1422459531