avg:111.400600851
std:36.0620649551