avg:107.452019824
std:34.8256202456