avg:115.427507348
std:29.9906581861