avg:65.3829158034
std:18.4165816687