avg1:49.1052233457 std1:66.5597618803
avg2:32.1161308049 std2:38.8791738002