avg1:10.2261173649 std1:17.9078792871
avg2:7.0327058636 std2:11.6766804005