avg1:4.27885451983 std1:3.65096337786
avg2:4.28204378647 std2:3.7431719071