avg1:123.596324974 std1:175.256758884
avg2:68.8962984858 std2:75.9896143061