avg:139.097424112
std:49.6902169433