avg: 3.33651263643e-06
std: 2.0589891032e-06