avg: 0.329580475993
std: 0.128600325061