avg:17.4656606343
std:11.4771657263