avg: 0.0420339282615
std: 0.0236368964788