avg:8.53108490515e-05
std:7.65483869593e-05