avg:62.0052903583
std:19.2243609351