avg1:3.82344090359 std1:2.15721603491
avg2:3.85249620275 std2:2.18736554815