avg1:184.525847799 std1:83.4040530274
avg2:115.551822642 std2:43.9216968762