avg:98.566710724
std:35.7484578215