avg:13.7135191797
std:5.00448728391