avg1:0.595324630278 std1:0.348641173005
avg2:0.59556212981 std2:0.348876287968