avg: 2.1807511593
std: 2.68065634968