avg1:15.0791817086 std1:16.4185619167
avg2:11.374216502 std2:11.5751909404