avg:56.4891284511
std:18.7461642869