avg:34.9455930645
std:26.5106759074