avg:8.59958272022e-05
std:7.48417836059e-05