avg:0.000337913080192
std:8.49476172175e-05