avg:53.1089474911
std:17.9882710958