avg:118.893277237
std:37.7363379776