avg:121.957808379
std:35.8371328473