avg:2.03251611637
std:1.07936182768