avg: 0.540701471106
std: 0.205259127809