avg:38.3183246142
std:26.0683088905