avg:26.1959349129
std:7.8648932149