avg: 0.37736433822
std: 0.144766323977