avg:22.2867253344
std:14.0780567802