avg1:1.08066318895 std1:0.716166273393
avg2:1.07280532728 std2:0.72477071925