avg: 1.48485263688
std: 0.850826659382