avg1:104.011178738 std1:113.356865365
avg2:63.7788568397 std2:54.5288739537