avg:62.5310113832
std:18.2961233433