avg: 0.330414466576
std: 0.149903274443