avg:15.7424583956
std:9.43973175468