avg: 0.922468277188
std: 0.46838530638