avg:97.1687868623
std:75.8736272324