avg:1.28164408944e-07
std:1.25294339245e-07