avg: 0.0351555129462
std: 0.0339723466166