avg: 0.0761446688235
std: 0.0305154412894