avg:1.72942861771
std:1.40413174538