avg:4.79855044504
std:2.96941299711