avg1:6.25369872424 std1:4.3910396543
avg2:6.17591960922 std2:4.2517402057