avg1:66.0941991462 std1:3.00054332937
avg2:54.2150598067 std2:4.5410076746