avg:110.250225656
std:34.8896475068