avg:26.3440621222
std:17.5822106683