avg: 0.325476835551
std: 0.121614375153