avg:17.429221721
std:11.5284779981