avg:53.1055670016
std:10.3572580216