avg: 0.353290827374
std: 0.127258829015