avg:16.5461967423
std:10.5138322425