avg:69.2199732723
std:19.8489937621