avg:69.6000911336
std:22.1854517618