avg: 0.0767878267663
std: 0.0495436428516