avg:9.01762596381e-05
std:7.32642526862e-05