avg1:1.8142626228 std1:1.89001797631
avg2:1.79637349443 std2:1.90338836566