avg: 1.71229376842
std: 2.28087495117