avg: 0.0646063879732
std: 0.0355172008311