avg:8.67158678954e-05
std:7.60810710415e-05