avg: 0.288647542633
std: 0.113604953913