avg:17.4516074965
std:11.4485344417