avg: 0.300259019535
std: 0.115181829122