avg:17.4592179447
std:11.4582329319