avg: 0.0473355611055
std: 0.0258673830629