avg:8.53505842566e-05
std:7.52540994607e-05