avg: 0.0196632920137
std: 0.0108147273215