avg:8.79281097218e-05
std:7.57614050024e-05