avg1:0.851381819353 std1:0.727951446643
avg2:0.848570470155 std2:0.724693771123