avg: 2.21862791935
std: 2.59904352793