avg: 0.347986139397
std: 0.122278613515