avg:17.4712568457
std:11.4463206867