avg: 0.298193202935
std: 0.116128462596