avg:17.4595112094
std:11.4575638765