avg: 0.0577120780408
std: 0.0215334943878