avg: 0.0428089273745
std: 0.0153505215687