avg:3.4339635655
std:2.25009340768