avg:2.04128179766
std:1.32849459883