avg: 0.295931446704
std: 0.111987132062