avg:17.4537078458
std:11.4822479716