avg:25.6162535799
std:10.5235505887