avg: 0.342385120543
std: 0.138884150445