avg:17.4610479784
std:11.4188315037