avg:25.0078477625
std:7.77592635307