avg: 0.0689771884601
std: 0.038419307019