avg:8.63605616696e-05
std:7.83793387733e-05