avg:23.3397068549
std:11.0392034396