avg: 0.00682814890892
std: 0.00267088271136