avg:8.85170789622e-05
std:7.55804627828e-05