avg: 0.0492334463774
std: 0.0257484758601