avg:8.55437491302e-05
std:7.53360626765e-05